1662816063867 0.4183310866355896 0
1662816066718 0.4154927134513855 2
1662816069088 0.413066029548645 4
1662816071523 0.41098037362098694 6
1662816073996 0.40917259454727173 8
1662816076820 0.4075961410999298 10
1662816079171 0.40622079372406006 12
1662816080777 0.40502801537513733 14
1662816082842 0.4040065407752991 16
1662816084986 0.403146892786026 18
1662816087638 0.40243425965309143 20
1662816089119 0.4018404185771942 22
1662816091084 0.40131670236587524 24
1662816093008 0.4008007049560547 26
1662816095116 0.4002407491207123 28
1662816096839 0.39961713552474976 30
1662816098565 0.39894014596939087 32
1662816100616 0.3982313573360443 34
1662816102192 0.39750614762306213 36
1662816104241 0.3967665433883667 38
1662816105898 0.3960030674934387 40
1662816107336 0.3952005207538605 42
1662816108735 0.3943448066711426 44
1662816110017 0.39342737197875977 46
1662816111484 0.3924485445022583 48
1662816113061 0.39141854643821716 50
1662816114328 0.39035558700561523 52
1662816115584 0.38928571343421936 54
1662816117433 0.38823866844177246 56
1662816118761 0.38724297285079956 58
1662816120198 0.38632723689079285 60
1662816121683 0.385508269071579 62
1662816123165 0.38477081060409546 64
1662816124886 0.3840640187263489 66
1662816126904 0.3833390474319458 68
1662816128848 0.38258710503578186 70
1662816130432 0.38183069229125977 72
1662816132016 0.3810848593711853 74
1662816133542 0.38034293055534363 76
1662816134997 0.3795918822288513 78
1662816136358 0.3788171112537384 80
1662816138004 0.37800803780555725 82
1662816139462 0.37716689705848694 84
1662816140830 0.37629345059394836 86
1662816142222 0.37537169456481934 88
1662816143351 0.3743806779384613 90
1662816144396 0.37329310178756714 92
1662816145337 0.37208297848701477 94
1662816146822 0.3707215189933777 96
1662816147985 0.3691740930080414 98
1662816149218 0.36740416288375854 100
1662816150444 0.36538851261138916 102
1662816151578 0.363091379404068 104
1662816153307 0.36046499013900757 106
1662816155171 0.35770586133003235 108
1662816156293 0.3552229106426239 110
1662816157908 0.3523426651954651 112
1662816159353 0.3484441041946411 114
1662816160707 0.34736600518226624 116
1662816161852 0.34225064516067505 118
1662816163255 0.3394971787929535 120
1662816164634 0.337948203086853 122
1662816165889 0.33672547340393066 124
1662816167267 0.3353077173233032 126
1662816168325 0.3336201608181 128
1662816169294 0.331728994846344 130
1662816170575 0.3297993838787079 132
1662816171789 0.3278045058250427 134
1662816172789 0.3258029818534851 136
1662816173822 0.32373496890068054 138
1662816174855 0.3215218186378479 140
1662816176166 0.31914380192756653 142
1662816177123 0.3165411055088043 144
1662816178252 0.31374087929725647 146
1662816179209 0.3107946813106537 148
1662816180187 0.30705809593200684 150
1662816181174 0.3039855659008026 152
1662816182210 0.3039553761482239 154
1662816183442 0.29511964321136475 156
1662816184456 0.29968446493148804 158
1662816185667 0.3021264374256134 160
1662816187071 0.29322299361228943 162
1662816188090 0.2877185046672821 164
1662816189194 0.2813255190849304 166
1662816190190 0.27542227506637573 168
1662816191368 0.27433034777641296 170
1662816192645 0.27219682931900024 172
1662816193786 0.2683338224887848 174
1662816194924 0.2672591805458069 176
1662816196043 0.25224462151527405 178
1662816198107 0.29914742708206177 180
1662816199439 0.25714731216430664 182
1662816200369 0.253800630569458 184
1662816201644 0.23667766153812408 186
1662816202955 0.236448734998703 188
1662816204019 0.2598520815372467 190
1662816205076 0.22953015565872192 192
1662816206057 0.24080674350261688 194
1662816207358 0.21912069618701935 196
1662816208535 0.22533740103244781 198
