1662816384868 0.7242904305458069 0
1662816387165 0.7247082591056824 2
1662816389265 0.716886579990387 4
1662816391233 0.7055404186248779 6
1662816393487 0.7200528383255005 8
1662816396626 0.7051565647125244 10
1662816399673 0.7223058938980103 12
1662816401699 0.7036195397377014 14
1662816403803 0.6827805638313293 16
1662816406457 0.6833882927894592 18
1662816409208 0.6519715785980225 20
1662816411755 0.6172266006469727 22
1662816414270 0.5888335108757019 24
1662816416571 0.5687209963798523 26
1662816418488 0.5447338819503784 28
1662816420589 0.5408926010131836 30
1662816422889 0.5171228051185608 32
1662816424702 0.4904857575893402 34
1662816427207 0.48089176416397095 36
1662816429466 0.4768718183040619 38
1662816431225 0.4631904065608978 40
1662816433000 0.44990605115890503 42
1662816435393 0.431868314743042 44
1662816437488 0.44019487500190735 46
1662816439378 0.42932164669036865 48
1662816441300 0.41302400827407837 50
1662816443201 0.402788907289505 52
1662816445149 0.3796897530555725 54
1662816447412 0.37382733821868896 56
1662816449134 0.3662029206752777 58
1662816451018 0.38719281554222107 60
1662816452701 0.36554214358329773 62
1662816454456 0.338609516620636 64
1662816457844 0.3475935459136963 66
1662816459680 0.34833091497421265 68
1662816461781 0.33588969707489014 70
1662816463346 0.3438272774219513 72
1662816465186 0.32663172483444214 74
1662816467184 0.316270112991333 76
1662816469066 0.31770724058151245 78
1662816471057 0.30995091795921326 80
1662816472946 0.32804298400878906 82
1662816475721 0.30765029788017273 84
1662816477899 0.30894607305526733 86
1662816480111 0.3125182092189789 88
1662816482491 0.29504817724227905 90
1662816485131 0.30041322112083435 92
1662816487091 0.3057522475719452 94
1662816489196 0.28575119376182556 96
1662816491494 0.2963567078113556 98
1662816493436 0.2900705635547638 100
1662816497329 0.3006373643875122 102
1662816499237 0.2921651005744934 104
1662816501003 0.2802872061729431 106
1662816503014 0.28178343176841736 108
1662816505600 0.2900184094905853 110
1662816507870 0.2989693880081177 112
1662816509901 0.28380200266838074 114
1662816513604 0.2909143269062042 116
1662816515725 0.28244754672050476 118
1662816517437 0.27076783776283264 120
1662816519349 0.27625879645347595 122
1662816521226 0.26525744795799255 124
1662816523137 0.2814537584781647 126
1662816526793 0.27081117033958435 128
1662816528460 0.266171932220459 130
1662816530185 0.2703610956668854 132
1662816531826 0.25530102849006653 134
1662816534427 0.2804926633834839 136
1662816537038 0.2506033778190613 138
1662816538727 0.25241315364837646 140
1662816540572 0.2608290910720825 142
1662816542638 0.25831085443496704 144
1662816544438 0.25232747197151184 146
1662816547883 0.2478371411561966 148
1662816549583 0.2536375820636749 150
1662816551260 0.250811904668808 152
1662816553127 0.26051023602485657 154
1662816555107 0.24432793259620667 156
1662816557583 0.24932095408439636 158
1662816559550 0.24904970824718475 160
1662816563072 0.23973692953586578 162
1662816565149 0.23990032076835632 164
1662816567794 0.23677034676074982 166
1662816569776 0.24286891520023346 168
1662816572603 0.24200060963630676 170
1662816574594 0.2313174307346344 172
1662816578306 0.23335328698158264 174
1662816580661 0.2365119904279709 176
1662816582728 0.2238786518573761 178
1662816585134 0.23444394767284393 180
1662816587403 0.24089521169662476 182
1662816589549 0.23428510129451752 184
1662816591676 0.2281033992767334 186
1662816593705 0.2308042347431183 188
1662816596006 0.23544389009475708 190
1662816597985 0.2285783886909485 192
1662816600193 0.2211870551109314 194
1662816604209 0.229422926902771 196
1662816606751 0.24317914247512817 198
1662816608728 0.22421962022781372 200
1662816610802 0.22834628820419312 202
1662816614010 0.21797971427440643 204
1662816616442 0.22842645645141602 206
1662816618775 0.22550153732299805 208
1662816620900 0.223619744181633 210
1662816623213 0.22292746603488922 212
1662816625279 0.22050926089286804 214
1662816629097 0.21956990659236908 216
1662816631175 0.21468457579612732 218
1662816633586 0.21604301035404205 220
1662816636380 0.22951377928256989 222
1662816640702 0.2327541708946228 224
1662816643834 0.22243021428585052 226
1662816645900 0.22666777670383453 228
1662816648198 0.21679702401161194 230
1662816652114 0.20827481150627136 232
1662816654882 0.2135942578315735 234
1662816657110 0.21863007545471191 236
1662816659620 0.21022635698318481 238
1662816661644 0.21400249004364014 240
1662816663832 0.22040779888629913 242
1662816665670 0.20265938341617584 244
1662816669354 0.2010878175497055 246
1662816671279 0.20414844155311584 248
1662816673334 0.21619029343128204 250
1662816675218 0.2118350714445114 252
1662816677589 0.21278603374958038 254
1662816679413 0.204573854804039 256
1662816681286 0.20980608463287354 258
1662816684300 0.1891656219959259 260
1662816686925 0.21136392652988434 262
1662816689025 0.202821284532547 264
1662816691577 0.19667179882526398 266
1662816693828 0.195107564330101 268
1662816695756 0.21223977208137512 270
1662816697699 0.20797158777713776 272
1662816701327 0.20583505928516388 274
1662816703323 0.19529345631599426 276
1662816705884 0.21782851219177246 278
1662816708569 0.197466179728508 280
1662816710688 0.19689030945301056 282
1662816714145 0.2121487557888031 284
1662816716299 0.19901792705059052 286
1662816718601 0.19304586946964264 288
1662816720479 0.1920023113489151 290
1662816723890 0.180388942360878 292
1662816725879 0.1969158947467804 294
1662816727735 0.18863487243652344 296
1662816729819 0.19397315382957458 298
1662816731817 0.20456184446811676 300
1662816735406 0.18984228372573853 302
1662816737443 0.21234619617462158 304
1662816739569 0.2096545398235321 306
1662816741425 0.19245629012584686 308
1662816745058 0.19433847069740295 310
1662816746883 0.18744690716266632 312
1662816748745 0.17850002646446228 314
1662816750893 0.18057642877101898 316
1662816753419 0.18223914504051208 318
1662816755760 0.19156958162784576 320
1662816757793 0.1909685879945755 322
1662816759815 0.18508198857307434 324
1662816761890 0.1842220574617386 326
1662816764339 0.18216849863529205 328
1662816768064 0.1825362890958786 330
1662816770208 0.18144309520721436 332
1662816772409 0.16958586871623993 334
1662816774403 0.1792713850736618 336
1662816777971 0.18411885201931 338
1662816780384 0.19185209274291992 340
1662816782294 0.18171119689941406 342
1662816785804 0.18940469622612 344
1662816788304 0.18667833507061005 346
1662816790114 0.17845869064331055 348
1662816791971 0.17891629040241241 350
1662816795338 0.17343050241470337 352
1662816797628 0.17454905807971954 354
1662816799943 0.17326121032238007 356
1662816802137 0.1665877103805542 358
1662816805338 0.17117494344711304 360
1662816807327 0.17593258619308472 362
1662816809027 0.18544279038906097 364
1662816810793 0.1812545657157898 366
1662816813115 0.17098559439182281 368
1662816815415 0.17892013490200043 370
1662816819137 0.17743493616580963 372
1662816820828 0.16829267144203186 374
1662816822440 0.17228581011295319 376
1662816824306 0.16357502341270447 378
1662816826194 0.16559796035289764 380
1662816827950 0.1699598878622055 382
1662816831284 0.17816804349422455 384
1662816833961 0.16547632217407227 386
1662816836184 0.1654455065727234 388
1662816838296 0.16458454728126526 390
1662816840149 0.17838196456432343 392
1662816841849 0.15803255140781403 394
1662816845591 0.16395391523838043 396
1662816847762 0.15605804324150085 398
1662816849735 0.16262121498584747 400
1662816851473 0.15967261791229248 402
1662816854932 0.15394331514835358 404
1662816856950 0.16855181753635406 406
1662816859425 0.15252172946929932 408
1662816862008 0.1608271300792694 410
1662816864228 0.1553938388824463 412
1662816866206 0.1484021246433258 414
1662816868195 0.14602302014827728 416
1662816870096 0.15786680579185486 418
1662816871851 0.15766099095344543 420
1662816875251 0.15196482837200165 422
1662816877108 0.16327662765979767 424
1662816878818 0.14502379298210144 426
1662816880619 0.15263515710830688 428
1662816882296 0.15198181569576263 430
1662816884197 0.13944163918495178 432
1662816886697 0.1471928507089615 434
1662816889497 0.1458556056022644 436
1662816891454 0.14781410992145538 438
1662816893375 0.14780846238136292 440
1662816895174 0.15729543566703796 442
1662816898442 0.16039855778217316 444
1662816900108 0.14668230712413788 446
1662816901953 0.14818890392780304 448
1662816903686 0.14300264418125153 450
1662816905542 0.14234930276870728 452
1662816908986 0.14514030516147614 454
1662816910843 0.14020010828971863 456
1662816912598 0.1376487910747528 458
1662816914430 0.14781609177589417 460
1662816916354 0.1424149125814438 462
1662816919879 0.15122085809707642 464
1662816921665 0.1506669670343399 466
1662816923565 0.16030022501945496 468
1662816926031 0.14668232202529907 470
1662816928539 0.13854160904884338 472
1662816930955 0.13799017667770386 474
1662816934288 0.13597097992897034 476
1662816936032 0.14752830564975739 478
1662816938165 0.14823849499225616 480
1662816941795 0.15896931290626526 482
1662816943899 0.14584197103977203 484
1662816945879 0.13631394505500793 486
1662816949363 0.14298875629901886 488
1662816951210 0.14607466757297516 490
1662816953266 0.14744029939174652 492
1662816955308 0.13471940159797668 494
1662816958833 0.13663168251514435 496
1662816960632 0.14345446228981018 498
1662816962378 0.13527317345142365 500
1662816964241 0.12646238505840302 502
1662816966055 0.13553175330162048 504
1662816969667 0.13866154849529266 506
1662816971544 0.1454305648803711 508
1662816973311 0.1367468684911728 510
1662816975178 0.1309019923210144 512
1662816978670 0.12794841825962067 514
1662816980512 0.16500841081142426 516
1662816982223 0.1841602772474289 518
1662816983945 0.16690242290496826 520
1662816985880 0.14465567469596863 522
1662816987712 0.13533741235733032 524
1662816991234 0.13764123618602753 526
1662816992946 0.13243398070335388 528
1662816994668 0.1369774043560028 530
1662816996701 0.13029739260673523 532
1662816998524 0.13086926937103271 534
1662817000846 0.12500835955142975 536
1662817005003 0.13849951326847076 538
1662817007190 0.13123492896556854 540
1662817011280 0.12420684099197388 542
1662817013303 0.13517087697982788 544
1662817015164 0.15284761786460876 546
1662817017124 0.13814771175384521 548
1662817020625 0.12897838652133942 550
1662817022740 0.1282648891210556 552
1662817024524 0.12895306944847107 554
1662817027980 0.12995746731758118 556
1662817029869 0.12963442504405975 558
1662817031579 0.12952204048633575 560
1662817033733 0.12528277933597565 562
1662817035719 0.12620821595191956 564
1662817039169 0.12326253205537796 566
1662817040959 0.12295984476804733 568
1662817042592 0.12874078750610352 570
1662817044770 0.1252230852842331 572
1662817046509 0.13106633722782135 574
1662817048349 0.13282695412635803 576
1662817051702 0.13439922034740448 578
1662817053655 0.13587966561317444 580
1662817055515 0.13056468963623047 582
1662817057473 0.12662284076213837 584
1662817059226 0.12743741273880005 586
1662817062648 0.11850355565547943 588
1662817064837 0.13127745687961578 590
1662817066680 0.12824863195419312 592
1662817070724 0.12559226155281067 594
1662817073106 0.13082608580589294 596
1662817075138 0.11704898625612259 598
1662817077482 0.11842574179172516 600
1662817079439 0.12426942586898804 602
1662817082839 0.12474433332681656 604
1662817085198 0.12617559731006622 606
1662817088144 0.12162549048662186 608
1662817091700 0.12396354228258133 610
1662817093869 0.12350901961326599 612
1662817095516 0.11458143591880798 614
1662817097160 0.12824277579784393 616
1662817099861 0.1196461096405983 618
1662817102606 0.11565961688756943 620
1662817104372 0.12252552807331085 622
1662817106348 0.12594160437583923 624
1662817108228 0.1331072896718979 626
1662817110633 0.12545481324195862 628
1662817113202 0.12181466817855835 630
1662817115279 0.118892602622509 632
1662817117112 0.11688646674156189 634
1662817118851 0.11382671445608139 636
1662817122419 0.12191219627857208 638
1662817124284 0.11592929810285568 640
1662817125962 0.11721471697092056 642
1662817127663 0.11855442821979523 644
1662817129628 0.12326854467391968 646
1662817133251 0.12140627205371857 648
1662817135625 0.11661382019519806 650
1662817137842 0.12407305836677551 652
1662817139865 0.11895395815372467 654
1662817141740 0.11719819903373718 656
1662817145809 0.13091237843036652 658
1662817148097 0.12984789907932281 660
1662817150020 0.11195286363363266 662
1662817151975 0.10911434888839722 664
1662817154004 0.12041451036930084 666
1662817157307 0.11593661457300186 668
1662817159264 0.11388362944126129 670
1662817161152 0.12450765073299408 672
1662817163114 0.12757344543933868 674
1662817165681 0.11708008497953415 676
1662817169529 0.11871443688869476 678
1662817171653 0.11862681061029434 680
1662817173620 0.11394009739160538 682
1662817177064 0.1149565652012825 684
1662817179351 0.11425130069255829 686
1662817181287 0.1201995387673378 688
1662817185244 0.1093086525797844 690
1662817187199 0.1121818944811821 692
1662817189033 0.11761993169784546 694
1662817191132 0.11389206349849701 696
1662817192955 0.11182422935962677 698
