1662816384868 1.0148707628250122 0
1662816387165 0.9919331073760986 2
1662816389265 0.9751654863357544 4
1662816391233 0.9582709670066833 6
1662816393487 0.9606385231018066 8
1662816396626 0.9376006126403809 10
1662816399673 0.9376706480979919 12
1662816401699 0.9006690979003906 14
1662816403803 0.881864070892334 16
1662816406457 0.8564820885658264 18
1662816409208 0.7738631367683411 20
1662816411755 0.7120949029922485 22
1662816414270 0.6534537672996521 24
1662816416571 0.602252721786499 26
1662816418488 0.5615333914756775 28
1662816420589 0.5650296807289124 30
1662816422889 0.49245917797088623 32
1662816424702 0.4636581838130951 34
1662816427207 0.44515642523765564 36
1662816429466 0.4432034194469452 38
1662816431225 0.4275401532649994 40
1662816433000 0.39964064955711365 42
1662816435393 0.3651622235774994 44
1662816437488 0.393693208694458 46
1662816439378 0.3634360730648041 48
1662816441300 0.35053348541259766 50
1662816443201 0.3267897069454193 52
1662816445149 0.30793115496635437 54
1662816447412 0.3034287989139557 56
1662816449134 0.2955368757247925 58
1662816451018 0.33184388279914856 60
1662816452701 0.28873297572135925 62
1662816454456 0.2662503123283386 64
1662816457844 0.2733881175518036 66
1662816459680 0.2742624282836914 68
1662816461781 0.26796334981918335 70
1662816463346 0.27030128240585327 72
1662816465186 0.2506166100502014 74
1662816467184 0.23203366994857788 76
1662816469066 0.23731961846351624 78
1662816471057 0.23017358779907227 80
1662816472946 0.2527081370353699 82
1662816475721 0.2322482168674469 84
1662816477899 0.2285100519657135 86
1662816480111 0.22692729532718658 88
1662816482491 0.21026292443275452 90
1662816485131 0.2195715606212616 92
1662816487091 0.22691765427589417 94
1662816489196 0.2000594437122345 96
1662816491494 0.20883797109127045 98
1662816493436 0.20846852660179138 100
1662816497329 0.21767961978912354 102
1662816499237 0.20643426477909088 104
1662816501003 0.1969745010137558 106
1662816503014 0.1966191977262497 108
1662816505600 0.20007838308811188 110
1662816507870 0.21091967821121216 112
1662816509901 0.19023378193378448 114
1662816513604 0.20487342774868011 116
1662816515725 0.19077464938163757 118
1662816517437 0.17854982614517212 120
1662816519349 0.18044419586658478 122
1662816521226 0.17067775130271912 124
1662816523137 0.19037088751792908 126
1662816526793 0.1736716777086258 128
1662816528460 0.1694706827402115 130
1662816530185 0.17405883967876434 132
1662816531826 0.158779114484787 134
1662816534427 0.18259641528129578 136
1662816537038 0.15767861902713776 138
1662816538727 0.15376822650432587 140
1662816540572 0.16050682961940765 142
1662816542638 0.16433864831924438 144
1662816544438 0.15185250341892242 146
1662816547883 0.14868512749671936 148
1662816549583 0.15410152077674866 150
1662816551260 0.15428388118743896 152
1662816553127 0.1596025675535202 154
1662816555107 0.1406269073486328 156
1662816557583 0.14839398860931396 158
1662816559550 0.14496080577373505 160
1662816563072 0.14863677322864532 162
1662816565149 0.14324639737606049 164
1662816567794 0.13858076930046082 166
1662816569776 0.1431923806667328 168
1662816572603 0.13898582756519318 170
1662816574594 0.13254138827323914 172
1662816578306 0.13390760123729706 174
1662816580661 0.12843294441699982 176
1662816582728 0.12669797241687775 178
1662816585134 0.13247592747211456 180
1662816587403 0.13562826812267303 182
1662816589549 0.13281495869159698 184
1662816591676 0.1292954534292221 186
1662816593705 0.129956915974617 188
1662816596006 0.12854592502117157 190
1662816597985 0.1244930773973465 192
1662816600193 0.12128566950559616 194
1662816604209 0.12657685577869415 196
1662816606751 0.13466006517410278 198
1662816608728 0.11846495419740677 200
1662816610802 0.12412241846323013 202
1662816614010 0.11852259933948517 204
1662816616442 0.1177268847823143 206
1662816618775 0.11826761066913605 208
1662816620900 0.12054464966058731 210
1662816623213 0.11739001423120499 212
1662816625279 0.11491532623767853 214
1662816629097 0.12026531249284744 216
1662816631175 0.11061524599790573 218
1662816633586 0.11078391224145889 220
1662816636380 0.12215018272399902 222
1662816640702 0.12242940068244934 224
1662816643834 0.11958957463502884 226
1662816645900 0.10994960367679596 228
1662816648198 0.10969357192516327 230
1662816652114 0.09977295994758606 232
1662816654882 0.10716690123081207 234
1662816657110 0.10994023084640503 236
1662816659620 0.10572642832994461 238
1662816661644 0.10804763436317444 240
1662816663832 0.10336977243423462 242
1662816665670 0.09648929536342621 244
1662816669354 0.09510580450296402 246
1662816671279 0.09578382968902588 248
1662816673334 0.10574004799127579 250
1662816675218 0.10265659540891647 252
1662816677589 0.10817959904670715 254
1662816679413 0.09448458254337311 256
1662816681286 0.1027473509311676 258
1662816684300 0.08028803765773773 260
1662816686925 0.09921954572200775 262
1662816689025 0.09125322848558426 264
1662816691577 0.09100493788719177 266
1662816693828 0.08531440049409866 268
1662816695756 0.09768364578485489 270
1662816697699 0.09468358755111694 272
1662816701327 0.09190785884857178 274
1662816703323 0.08719740808010101 276
1662816705884 0.10502760112285614 278
1662816708569 0.08550567179918289 280
1662816710688 0.08586955070495605 282
1662816714145 0.0937076061964035 284
1662816716299 0.0837487280368805 286
1662816718601 0.0785561203956604 288
1662816720479 0.08084671944379807 290
1662816723890 0.06947915256023407 292
1662816725879 0.08192652463912964 294
1662816727735 0.07577145844697952 296
1662816729819 0.07873176038265228 298
1662816731817 0.08830485492944717 300
1662816735406 0.07493973523378372 302
1662816737443 0.09669072926044464 304
1662816739569 0.09095131605863571 306
1662816741425 0.07817985117435455 308
1662816745058 0.07998345047235489 310
1662816746883 0.07217466831207275 312
1662816748745 0.06792329996824265 314
1662816750893 0.06880150735378265 316
1662816753419 0.06959249824285507 318
1662816755760 0.07339027523994446 320
1662816757793 0.07829584181308746 322
1662816759815 0.06917514652013779 324
1662816761890 0.0682193785905838 326
1662816764339 0.06384561955928802 328
1662816768064 0.06841565668582916 330
1662816770208 0.061673279851675034 332
1662816772409 0.056186046451330185 334
1662816774403 0.06162204220890999 336
1662816777971 0.06791562587022781 338
1662816780384 0.07276111841201782 340
1662816782294 0.06793507933616638 342
1662816785804 0.07701090723276138 344
1662816788304 0.07059925049543381 346
1662816790114 0.06253037601709366 348
1662816791971 0.0661516860127449 350
1662816795338 0.05975252017378807 352
1662816797628 0.06110352650284767 354
1662816799943 0.05697675421833992 356
1662816802137 0.0516805537045002 358
1662816805338 0.057799533009529114 360
1662816807327 0.059813324362039566 362
1662816809027 0.06551092863082886 364
1662816810793 0.05924893543124199 366
1662816813115 0.055027469992637634 368
1662816815415 0.06098083034157753 370
1662816819137 0.061043430119752884 372
1662816820828 0.05319187045097351 374
1662816822440 0.05822101980447769 376
1662816824306 0.0533294677734375 378
1662816826194 0.051626723259687424 380
1662816827950 0.052694011479616165 382
1662816831284 0.0606900192797184 384
1662816833961 0.04934106022119522 386
1662816836184 0.05244903638958931 388
1662816838296 0.05327622964978218 390
1662816840149 0.06176062300801277 392
1662816841849 0.04700298234820366 394
1662816845591 0.05355542153120041 396
1662816847762 0.04687577486038208 398
1662816849735 0.04805012419819832 400
1662816851473 0.047892238944768906 402
1662816854932 0.0434829406440258 404
1662816856950 0.06375157833099365 406
1662816859425 0.04415168985724449 408
1662816862008 0.04719080030918121 410
1662816864228 0.04601680487394333 412
1662816866206 0.04054800420999527 414
1662816868195 0.038834359496831894 416
1662816870096 0.049763817340135574 418
1662816871851 0.043856799602508545 420
1662816875251 0.04371967911720276 422
1662816877108 0.048854004591703415 424
1662816878818 0.03997275233268738 426
1662816880619 0.04242928698658943 428
1662816882296 0.04134431481361389 430
1662816884197 0.036118797957897186 432
1662816886697 0.038578830659389496 434
1662816889497 0.0422622412443161 436
1662816891454 0.040919676423072815 438
1662816893375 0.039530012756586075 440
1662816895174 0.04796963557600975 442
1662816898442 0.04830583930015564 444
1662816900108 0.0406203456223011 446
1662816901953 0.039462558925151825 448
1662816903686 0.038076307624578476 450
1662816905542 0.03621622547507286 452
1662816908986 0.03749249503016472 454
1662816910843 0.03621082380414009 456
1662816912598 0.035597629845142365 458
1662816914430 0.04350775480270386 460
1662816916354 0.036782875657081604 462
1662816919879 0.04164128378033638 464
1662816921665 0.04360459744930267 466
1662816923565 0.050396647304296494 468
1662816926031 0.04045313224196434 470
1662816928539 0.03655112534761429 472
1662816930955 0.034423116594552994 474
1662816934288 0.0362304151058197 476
1662816936032 0.04339021071791649 478
1662816938165 0.04208056256175041 480
1662816941795 0.04805808886885643 482
1662816943899 0.040649786591529846 484
1662816945879 0.03582309931516647 486
1662816949363 0.03722817450761795 488
1662816951210 0.04146287217736244 490
1662816953266 0.040782131254673004 492
1662816955308 0.03334566578269005 494
1662816958833 0.035373102873563766 496
1662816960632 0.038416773080825806 498
1662816962378 0.03377575799822807 500
1662816964241 0.027519777417182922 502
1662816966055 0.032407891005277634 504
1662816969667 0.03701384738087654 506
1662816971544 0.041174162179231644 508
1662816973311 0.03631793335080147 510
1662816975178 0.03353079780936241 512
1662816978670 0.028476908802986145 514
1662816980512 0.06686371564865112 516
1662816982223 0.06925009936094284 518
1662816983945 0.05345138907432556 520
1662816985880 0.04154793545603752 522
1662816987712 0.03558286651968956 524
1662816991234 0.03597063571214676 526
1662816992946 0.03346703201532364 528
1662816994668 0.03820987418293953 530
1662816996701 0.032445028424263 532
1662816998524 0.03373275697231293 534
1662817000846 0.029027743265032768 536
1662817005003 0.035269543528556824 538
1662817007190 0.03239681199193001 540
1662817011280 0.027146965265274048 542
1662817013303 0.03436586633324623 544
1662817015164 0.04439791291952133 546
1662817017124 0.03547314181923866 548
1662817020625 0.03165173530578613 550
1662817022740 0.030927451327443123 552
1662817024524 0.031405121088027954 554
1662817027980 0.030953560024499893 556
1662817029869 0.03174419701099396 558
1662817031579 0.032128702849149704 560
1662817033733 0.027465637773275375 562
1662817035719 0.031596601009368896 564
1662817039169 0.02906627207994461 566
1662817040959 0.02872997336089611 568
1662817042592 0.03163142502307892 570
1662817044770 0.028882130980491638 572
1662817046509 0.02919546514749527 574
1662817048349 0.03411388397216797 576
1662817051702 0.03542014956474304 578
1662817053655 0.033270709216594696 580
1662817055515 0.03176235407590866 582
1662817057473 0.030825549736618996 584
1662817059226 0.029758285731077194 586
1662817062648 0.027313487604260445 588
1662817064837 0.03279053792357445 590
1662817066680 0.030609119683504105 592
1662817070724 0.028439003974199295 594
1662817073106 0.03165392950177193 596
1662817075138 0.02639010176062584 598
1662817077482 0.0262373685836792 600
1662817079439 0.028080083429813385 602
1662817082839 0.02901528775691986 604
1662817085198 0.03272952511906624 606
1662817088144 0.02904435619711876 608
1662817091700 0.028296085074543953 610
1662817093869 0.028622755780816078 612
1662817095516 0.023371443152427673 614
1662817097160 0.03261858969926834 616
1662817099861 0.02617671899497509 618
1662817102606 0.025892077013850212 620
1662817104372 0.02814970538020134 622
1662817106348 0.031418655067682266 624
1662817108228 0.03429358825087547 626
1662817110633 0.030107732862234116 628
1662817113202 0.026343632489442825 630
1662817115279 0.02735850028693676 632
1662817117112 0.025280361995100975 634
1662817118851 0.02279791049659252 636
1662817122419 0.028279053047299385 638
1662817124284 0.025299811735749245 640
1662817125962 0.026424596086144447 642
1662817127663 0.02473483607172966 644
1662817129628 0.02846241183578968 646
1662817133251 0.026686549186706543 648
1662817135625 0.025781074538826942 650
1662817137842 0.029462700709700584 652
1662817139865 0.02611294575035572 654
1662817141740 0.025679737329483032 656
1662817145809 0.03588471561670303 658
1662817148097 0.032033901661634445 660
1662817150020 0.023291736841201782 662
1662817151975 0.022298572584986687 664
1662817154004 0.02703462727367878 666
1662817157307 0.024647345766425133 668
1662817159264 0.02427545003592968 670
1662817161152 0.029252298176288605 672
1662817163114 0.030510475859045982 674
1662817165681 0.02599603682756424 676
1662817169529 0.027471665292978287 678
1662817171653 0.027966653928160667 680
1662817173620 0.02414756454527378 682
1662817177064 0.02448604442179203 684
1662817179351 0.02432342991232872 686
1662817181287 0.026362700387835503 688
1662817185244 0.022987989708781242 690
1662817187199 0.023434242233633995 692
1662817189033 0.02549964003264904 694
1662817191132 0.024641146883368492 696
1662817192955 0.023572666570544243 698
